MOTIF MA0004.1
letter-probability matrix: alength= 4 w= 6 nsites= 20 E= 0
 0.200000  0.800000  0.000000  0.000000
 0.950000  0.000000  0.050000  0.000000
 0.000000  1.000000  0.000000  0.000000
 0.000000  0.000000  1.000000  0.000000
 0.000000  0.000000  0.000000  1.000000
 0.000000  0.000000  1.000000  0.000000
URL http://jaspar.genereg.net/matrix/MA0004.1

MOTIF MA0116.1
letter-probability matrix: alength= 4 w= 15 nsites= 33 E= 0
 0.212121  0.121212  0.666667  0.000000
 0.000000  0.484848  0.515152  0.000000
 0.484848  0.515152  0.000000  0.000000
 0.515152  0.484848  0.000000  0.000000
 0.000000  1.000000  0.000000  0.000000
 0.000000  1.000000  0.000000  0.000000
 0.030303  0.515152  0.000000  0.454545
 0.727273  0.000000  0.000000  0.272727
 0.393939  0.000000  0.484848  0.121212
 0.000000  0.000000  1.000000  0.000000
 0.000000  0.000000  1.000000  0.000000
 0.000000  0.000000  0.515152  0.484848
 0.000000  0.000000  0.484848  0.515152
 0.000000  0.242424  0.484848  0.272727
 0.333333  0.666667  0.000000  0.000000
URL http://jaspar.genereg.net/matrix/MA0116.1

MOTIF MA0142.1
letter-probability matrix: alength= 4 w= 15 nsites= 1364 E= 0
 0.046188  0.620235  0.048387  0.285191
 0.423865  0.042460  0.020498  0.513177
 0.008047  0.036576  0.026335  0.929042
 0.034332  0.008766  0.057706  0.899196
 0.086194  0.265157  0.602630  0.046019
 0.303141  0.013148  0.021183  0.662527
 0.150475  0.266618  0.135866  0.447042
 0.902118  0.021914  0.017531  0.058437
 0.012418  0.003652  0.010957  0.972973
 0.007305  0.011687  0.905040  0.075968
 0.010234  0.752193  0.094298  0.143275
 0.769231  0.011722  0.021978  0.197070
 0.651248  0.049927  0.231278  0.067548
 0.881705  0.024247  0.055107  0.038942
 0.145481  0.087436  0.152094  0.614989
URL http://jaspar.genereg.net/matrix/MA0142.1

MOTIF MA0151.1
letter-probability matrix: alength= 4 w= 6 nsites= 27 E= 0
 1.000000  0.000000  0.000000  0.000000
 0.000000  0.000000  0.000000  1.000000
 0.037037  0.333333  0.000000  0.629630
 1.000000  0.000000  0.000000  0.000000
 1.000000  0.000000  0.000000  0.000000
 0.740741  0.000000  0.037037  0.222222
URL http://jaspar.genereg.net/matrix/MA0151.1

MOTIF MA0145.2
letter-probability matrix: alength= 4 w= 14 nsites= 4071 E= 0
 0.001965  0.925571  0.062638  0.009826
 0.069921  0.810599  0.005397  0.114082
 0.597011  0.005145  0.273640  0.124204
 0.005878  0.024002  0.967181  0.002939
 0.173892  0.337987  0.025227  0.462895
 0.098433  0.289667  0.061949  0.549951
 0.172988  0.398826  0.150722  0.277465
 0.357370  0.225373  0.250794  0.166463
 0.631720  0.069892  0.190616  0.107771
 0.394132  0.051834  0.308802  0.245232
 0.003918  0.933154  0.054603  0.008325
 0.062010  0.814706  0.002941  0.120343
 0.539897  0.007366  0.302480  0.150258
 0.012054  0.029028  0.954736  0.004182
URL http://jaspar.genereg.net/matrix/MA0145.2

MOTIF MA0515.1
letter-probability matrix: alength= 4 w= 10 nsites= 249 E= 0
 0.016064  0.558233  0.200803  0.224900
 0.000000  0.887550  0.000000  0.112450
 0.646586  0.000000  0.000000  0.353414
 0.000000  0.000000  0.000000  1.000000
 0.000000  0.000000  0.000000  1.000000
 0.000000  0.000000  1.000000  0.000000
 0.000000  0.000000  0.000000  1.000000
 0.000000  0.461847  0.020080  0.518072
 0.016064  0.449799  0.000000  0.534137
 0.056225  0.305221  0.124498  0.514056
URL http://jaspar.genereg.net/matrix/MA0515.1

MOTIF MA0604.1
letter-probability matrix: alength= 4 w= 8 nsites= 1000 E= 0
 0.462000  0.086000  0.387000  0.065000
 0.024000  0.016000  0.000000  0.960000
 0.000000  0.022000  0.803000  0.175000
 1.000000  0.000000  0.000000  0.000000
 0.000000  1.000000  0.000000  0.000000
 0.007000  0.000000  0.993000  0.000000
 0.090000  0.198000  0.000000  0.712000
 0.599401  0.137862  0.162837  0.099900
URL http://jaspar.genereg.net/matrix/MA0604.1

MOTIF MA0608.1
letter-probability matrix: alength= 4 w= 9 nsites= 999 E= 0
 0.002002  0.002002  0.745746  0.250250
 0.250000  0.623000  0.001000  0.126000
 0.001000  0.872000  0.126000  0.001000
 0.996997  0.001001  0.001001  0.001001
 0.001001  0.996997  0.001001  0.001001
 0.001001  0.001001  0.996997  0.001001
 0.001001  0.001001  0.001001  0.996997
 0.001001  0.143143  0.854855  0.001001
 0.250000  0.002000  0.250000  0.498000
URL http://jaspar.genereg.net/matrix/MA0608.1

MOTIF MA0614.1
letter-probability matrix: alength= 4 w= 8 nsites= 999 E= 0
 0.461461  0.000000  0.538539  0.000000
 0.050050  0.025025  0.000000  0.924925
 0.795000  0.205000  0.000000  0.000000
 0.977978  0.000000  0.000000  0.022022
 1.000000  0.000000  0.000000  0.000000
 0.000000  0.954000  0.000000  0.046000
 1.000000  0.000000  0.000000  0.000000
 0.593594  0.125125  0.125125  0.156156
URL http://jaspar.genereg.net/matrix/MA0614.1

MOTIF MA0676.1
letter-probability matrix: alength= 4 w= 9 nsites= 1954 E= 0
 0.572160  0.124872  0.097748  0.205220
 0.552372  0.043972  0.221344  0.182312
 0.902341  0.000807  0.081517  0.015335
 0.934002  0.000000  0.061821  0.004177
 0.034305  0.000000  0.958834  0.006861
 0.000000  0.049320  0.000000  0.950680
 0.008779  0.892259  0.009577  0.089385
 1.000000  0.000000  0.000000  0.000000
 0.693118  0.081215  0.072536  0.153131
URL http://jaspar.genereg.net/matrix/MA0676.1

MOTIF MA0512.2
letter-probability matrix: alength= 4 w= 14 nsites= 50494 E= 0
 0.248901  0.099636  0.610191  0.041272
 0.410276  0.003844  0.584439  0.001442
 0.002847  0.001993  0.991045  0.004115
 0.003220  0.001757  0.888363  0.106660
 0.001143  0.002651  0.009046  0.987161
 0.002033  0.929563  0.012096  0.056308
 0.995862  0.001099  0.002586  0.000453
 0.972359  0.001911  0.017826  0.007903
 0.968733  0.001562  0.029298  0.000407
 0.000976  0.001777  0.995971  0.001276
 0.001512  0.002040  0.916411  0.080037
 0.001092  0.002829  0.006627  0.989452
 0.001373  0.952346  0.007586  0.038695
 0.943841  0.003358  0.052014  0.000786
URL http://jaspar.genereg.net/matrix/MA0512.2

MOTIF MA0728.1
letter-probability matrix: alength= 4 w= 15 nsites= 288 E= 0
 0.347222  0.055556  0.597222  0.000000
 0.825545  0.000000  0.165109  0.009346
 0.000000  0.000000  1.000000  0.000000
 0.005435  0.000000  0.994565  0.000000
 0.000000  0.000000  0.002639  0.997361
 0.000000  0.927677  0.001391  0.070932
 0.940952  0.057143  0.000000  0.001905
 0.953052  0.009390  0.016432  0.021127
 0.518868  0.000000  0.295597  0.185535
 1.000000  0.000000  0.000000  0.000000
 0.000000  0.000000  1.000000  0.000000
 0.000000  0.000000  0.968750  0.031250
 0.005391  0.000000  0.000000  0.994609
 0.000000  0.995595  0.000000  0.004405
 0.980220  0.000000  0.019780  0.000000
URL http://jaspar.genereg.net/matrix/MA0728.1

MOTIF MA0816.1
letter-probability matrix: alength= 4 w= 10 nsites= 352 E= 0
 0.673295  0.102273  0.178977  0.045455
 0.374269  0.119883  0.502924  0.002924
 0.009868  0.986842  0.000000  0.003289
 0.952381  0.000000  0.000000  0.047619
 0.020115  0.066092  0.862069  0.051724
 0.009804  0.980392  0.006536  0.003268
 0.013158  0.000000  0.000000  0.986842
 0.000000  0.003300  0.990099  0.006601
 0.018692  0.641745  0.046729  0.292835
 0.093923  0.279006  0.077348  0.549724
URL http://jaspar.genereg.net/matrix/MA0816.1

MOTIF MA0857.1
letter-probability matrix: alength= 4 w= 16 nsites= 1949 E= 0
 0.563366  0.131862  0.092868  0.211904
 0.787843  0.019287  0.139684  0.053185
 0.842342  0.001287  0.156371  0.000000
 0.000000  0.000000  0.999491  0.000509
 0.000000  0.000507  0.983781  0.015712
 0.003330  0.002220  0.008324  0.986127
 0.000750  0.986507  0.006747  0.005997
 0.991422  0.000000  0.008578  0.000000
 0.940857  0.006639  0.001811  0.050694
 0.877737  0.002433  0.105231  0.014599
 0.980904  0.000000  0.019096  0.000000
 0.000507  0.000000  0.999493  0.000000
 0.000000  0.000489  0.866634  0.132877
 0.000578  0.004624  0.002312  0.992486
 0.000704  0.992254  0.001408  0.005634
 0.996811  0.000000  0.001913  0.001276
URL http://jaspar.genereg.net/matrix/MA0857.1

MOTIF MA0858.1
letter-probability matrix: alength= 4 w= 17 nsites= 652 E= 0
 0.935583  0.004601  0.059816  0.000000
 0.000000  0.001401  0.998599  0.000000
 0.002907  0.001453  0.963663  0.031977
 0.000000  0.002874  0.000000  0.997126
 0.001449  0.994203  0.002899  0.001449
 0.994536  0.000000  0.005464  0.000000
 0.405817  0.290859  0.020776  0.282548
 0.353191  0.357447  0.198582  0.090780
 0.056380  0.354599  0.172107  0.416914
 0.652757  0.050671  0.061103  0.235469
 0.637821  0.006410  0.349359  0.006410
 0.943870  0.000000  0.054653  0.001477
 0.001462  0.001462  0.997076  0.000000
 0.000000  0.002894  0.959479  0.037627
 0.000000  0.004405  0.005874  0.989721
 0.000000  0.994798  0.000000  0.005202
 0.995690  0.000000  0.002874  0.001437
URL http://jaspar.genereg.net/matrix/MA0858.1

MOTIF MA0860.1
letter-probability matrix: alength= 4 w= 17 nsites= 4921 E= 0
 0.827881  0.002032  0.163788  0.006300
 0.943118  0.001453  0.055429  0.000000
 0.000000  0.000679  0.998982  0.000339
 0.000000  0.000000  0.965356  0.034644
 0.000000  0.002539  0.002770  0.994691
 0.000320  0.999680  0.000000  0.000000
 0.996305  0.000739  0.002956  0.000000
 0.266183  0.511171  0.073706  0.148940
 0.061221  0.346656  0.476116  0.116007
 0.681351  0.101112  0.117055  0.100482
 0.549770  0.011616  0.427198  0.011416
 0.805140  0.007151  0.187263  0.000447
 0.000000  0.000000  0.999830  0.000170
 0.000000  0.001491  0.939072  0.059437
 0.003073  0.000439  0.000000  0.996488
 0.001303  0.994228  0.000372  0.004096
 0.997696  0.001047  0.001257  0.000000
URL http://jaspar.genereg.net/matrix/MA0860.1

MOTIF MA0870.1
letter-probability matrix: alength= 4 w= 15 nsites= 2316 E= 0
 0.591105  0.170984  0.153713  0.084197
 0.930868  0.020498  0.014469  0.034164
 0.000000  1.000000  0.000000  0.000000
 0.991863  0.005139  0.000000  0.002998
 0.876941  0.123059  0.000000  0.000000
 0.005582  0.000000  0.000000  0.994418
 0.627612  0.001866  0.133955  0.236567
 0.337505  0.219249  0.226586  0.216659
 0.001664  0.963394  0.021215  0.013727
 1.000000  0.000000  0.000000  0.000000
 0.000000  0.000000  0.095312  0.904687
 0.000000  0.006009  0.000000  0.993991
 0.000000  0.000000  1.000000  0.000000
 0.029119  0.095835  0.021379  0.853668
 0.095896  0.142117  0.114471  0.647516
URL http://jaspar.genereg.net/matrix/MA0870.1

MOTIF MA1684.1
letter-probability matrix: alength= 4 w= 6 nsites= 5235 E= 0
 0.279656  0.000000  0.488634  0.231710
 0.000000  0.000000  1.000000  0.000000
 1.000000  0.000000  0.000000  0.000000
 0.436867  0.563133  0.000000  0.000000
 0.000000  0.000000  1.000000  0.000000
 0.000000  1.000000  0.000000  0.000000
URL http://jaspar.genereg.net/matrix/MA1684.1

MOTIF MA1573.2
letter-probability matrix: alength= 4 w= 14 nsites= 660 E= 0
 0.890909  0.057576  0.030303  0.021212
 0.030303  0.913636  0.027273  0.028788
 0.007576  0.059091  0.009091  0.924242
 0.950000  0.025758  0.015152  0.009091
 0.006061  0.968182  0.013636  0.012121
 0.922727  0.019697  0.043939  0.013636
 0.627273  0.069697  0.084848  0.218182
 0.106061  0.316667  0.250000  0.327273
 0.027273  0.030303  0.028788  0.913636
 0.007576  0.956061  0.003030  0.033333
 0.012121  0.972727  0.007576  0.007576
 0.013636  0.942424  0.015152  0.028788
 0.719697  0.024242  0.222727  0.033333
 0.112121  0.103030  0.637879  0.146970
URL http://jaspar.genereg.net/matrix/MA1573.2

MOTIF MA0621.2
letter-probability matrix: alength= 4 w= 7 nsites= 1001 E= 0
 0.129870  0.145854  0.045954  0.678322
 0.000000  0.000000  0.000000  1.000000
 1.000000  0.000000  0.000000  0.000000
 1.000000  0.000000  0.000000  0.000000
 0.000000  0.000000  0.000000  1.000000
 0.000000  0.000000  0.000000  1.000000
 0.937063  0.020979  0.020979  0.020979
URL http://jaspar.genereg.net/matrix/MA0621.2

MOTIF MA2323.1
letter-probability matrix: alength= 4 w= 17 nsites= 493 E= 0
 0.551724  0.172414  0.148073  0.127789
 0.742394  0.014199  0.200811  0.042596
 0.066937  0.028398  0.876268  0.028398
 0.677485  0.083164  0.123732  0.115619
 0.918864  0.024341  0.024341  0.032454
 0.022312  0.888438  0.052738  0.036511
 0.868154  0.034483  0.042596  0.054767
 0.501014  0.156187  0.176471  0.166329
 0.578093  0.123732  0.123732  0.174442
 0.273834  0.190669  0.194726  0.340771
 0.066937  0.048682  0.034483  0.849899
 0.040568  0.042596  0.900609  0.016227
 0.028398  0.040568  0.022312  0.908722
 0.117647  0.152130  0.070994  0.659229
 0.024341  0.892495  0.014199  0.068966
 0.058824  0.168357  0.022312  0.750507
 0.117647  0.135903  0.198783  0.547667
URL http://jaspar.genereg.net/matrix/MA2323.1

MOTIF MA0019.2
letter-probability matrix: alength= 4 w= 10 nsites= 39 E= 0
 0.461538  0.076923  0.384615  0.076923
 0.000000  0.025641  0.000000  0.974359
 0.000000  0.000000  0.974359  0.025641
 0.102564  0.846154  0.000000  0.051282
 0.974359  0.025641  0.000000  0.000000
 0.923077  0.051282  0.025641  0.000000
 0.000000  0.153846  0.000000  0.846154
 0.358974  0.435897  0.128205  0.076923
 0.102564  0.589744  0.230769  0.076923
 0.000000  0.666667  0.153846  0.179487
URL http://jaspar.genereg.net/matrix/MA0019.2

MOTIF MA0040.2
letter-probability matrix: alength= 4 w= 10 nsites= 18 E= 0
 0.722222  0.055556  0.166667  0.055556
 0.277778  0.111111  0.000000  0.611111
 0.166667  0.000000  0.000000  0.833333
 0.000000  0.000000  1.000000  0.000000
 0.000000  0.000000  0.000000  1.000000
 0.000000  0.000000  0.000000  1.000000
 0.000000  0.000000  0.000000  1.000000
 0.944444  0.000000  0.055556  0.000000
 0.000000  0.055556  0.222222  0.722222
 0.333333  0.000000  0.166667  0.500000
URL http://jaspar.genereg.net/matrix/MA0040.2

MOTIF MA0111.1
letter-probability matrix: alength= 4 w= 11 nsites= 12 E= 0
 0.750000  0.000000  0.250000  0.000000
 0.000000  0.166667  0.750000  0.083333
 0.166667  0.000000  0.833333  0.000000
 0.000000  0.000000  0.916667  0.083333
 0.083333  0.000000  0.083333  0.833333
 0.666667  0.000000  0.000000  0.333333
 0.500000  0.000000  0.166667  0.333333
 0.083333  0.750000  0.166667  0.000000
 0.833333  0.000000  0.166667  0.000000
 0.000000  0.083333  0.750000  0.166667
 0.166667  0.666667  0.166667  0.000000
URL http://jaspar.genereg.net/matrix/MA0111.1

MOTIF MA2095.1
letter-probability matrix: alength= 4 w= 10 nsites= 2431 E= 0
 0.631839  0.056767  0.203209  0.108186
 0.188400  0.057589  0.701769  0.052242
 0.838749  0.033320  0.116413  0.011518
 0.986837  0.004525  0.003291  0.005348
 0.008227  0.973673  0.010695  0.007404
 0.984369  0.006170  0.003291  0.006170
 0.982723  0.003702  0.007816  0.005759
 0.046894  0.004114  0.003702  0.945290
 0.145208  0.009872  0.826409  0.018511
 0.114356  0.092555  0.763060  0.030029
URL http://jaspar.genereg.net/matrix/MA2095.1

MOTIF MA2122.1
letter-probability matrix: alength= 4 w= 11 nsites= 9387 E= 0
 0.065942  0.087461  0.132737  0.713860
 0.034409  0.739427  0.050495  0.175668
 0.016938  0.932460  0.009268  0.041334
 0.026846  0.905614  0.008842  0.058698
 0.050708  0.867689  0.023330  0.058272
 0.794503  0.045062  0.044849  0.115585
 0.081283  0.026313  0.839459  0.052946
 0.065836  0.012571  0.896346  0.025248
 0.049856  0.010227  0.915202  0.024715
 0.143603  0.043038  0.783424  0.029935
 0.818259  0.085437  0.053052  0.043251
URL http://jaspar.genereg.net/matrix/MA2122.1

MOTIF MA2123.1
letter-probability matrix: alength= 4 w= 9 nsites= 1062 E= 0
 0.166667  0.120527  0.139360  0.573446
 0.079096  0.800377  0.095104  0.025424
 0.007533  0.975518  0.011299  0.005650
 0.956685  0.015066  0.009416  0.018832
 0.007533  0.022599  0.956685  0.013183
 0.854991  0.031073  0.097928  0.016008
 0.026365  0.899247  0.043315  0.031073
 0.037665  0.905838  0.043315  0.013183
 0.144068  0.221281  0.057439  0.577213
URL http://jaspar.genereg.net/matrix/MA2123.1

MOTIF MA2124.1
letter-probability matrix: alength= 4 w= 8 nsites= 25806 E= 0
 0.970743  0.002751  0.007285  0.019220
 0.031776  0.015229  0.016314  0.936681
 0.040068  0.007750  0.011741  0.940440
 0.026932  0.007518  0.005348  0.960203
 0.025227  0.010230  0.009184  0.955359
 0.029838  0.015849  0.011393  0.942920
 0.946795  0.018329  0.013873  0.021003
 0.375107  0.090987  0.094474  0.439433
URL http://jaspar.genereg.net/matrix/MA2124.1

MOTIF MA2125.1
letter-probability matrix: alength= 4 w= 9 nsites= 1665 E= 0
 0.497297  0.039640  0.048649  0.414414
 0.013814  0.024625  0.013814  0.947748
 0.009009  0.965165  0.010811  0.015015
 0.012012  0.966967  0.008408  0.012613
 0.006006  0.973574  0.009610  0.010811
 0.918318  0.015616  0.043844  0.022222
 0.019219  0.021021  0.944144  0.015616
 0.172372  0.731532  0.059459  0.036637
 0.130330  0.655255  0.069069  0.145345
URL http://jaspar.genereg.net/matrix/MA2125.1

MOTIF MA2126.1
letter-probability matrix: alength= 4 w= 8 nsites= 1418 E= 0
 0.012694  0.014104  0.967560  0.005642
 0.009168  0.015515  0.925247  0.050071
 0.007757  0.009168  0.901269  0.081805
 0.005642  0.859661  0.006347  0.128350
 0.016220  0.005642  0.967560  0.010578
 0.008463  0.964034  0.016220  0.011283
 0.006347  0.954161  0.021157  0.018336
 0.856135  0.052186  0.048660  0.043018
URL http://jaspar.genereg.net/matrix/MA2126.1

MOTIF MA2337.1
letter-probability matrix: alength= 4 w= 6 nsites= 3862 E= 0
 0.982910  0.008027  0.009063  0.000000
 0.000000  0.006991  0.992232  0.000777
 0.000518  0.004402  0.994045  0.001036
 0.002589  0.001295  0.414293  0.581823
 0.001295  0.997152  0.000259  0.001295
 0.993268  0.001554  0.004920  0.000259
URL http://jaspar.genereg.net/matrix/MA2337.1

MOTIF MA2338.1
letter-probability matrix: alength= 4 w= 7 nsites= 18178 E= 0
 0.896633  0.014193  0.043349  0.045825
 0.935691  0.035262  0.018044  0.011002
 0.014193  0.024535  0.936517  0.024755
 0.019474  0.003741  0.957861  0.018924
 0.014248  0.004566  0.004126  0.977060
 0.024205  0.927385  0.009792  0.038618
 0.717626  0.112004  0.063153  0.107218
URL http://jaspar.genereg.net/matrix/MA2338.1

MOTIF MA2339.1
letter-probability matrix: alength= 4 w= 7 nsites= 8664 E= 0
 0.055402  0.018929  0.903740  0.021930
 0.016505  0.842336  0.010734  0.130425
 0.807018  0.046168  0.042128  0.104686
 0.918629  0.023777  0.022622  0.034972
 0.027124  0.011080  0.014312  0.947484
 0.040166  0.856533  0.017198  0.086103
 0.932133  0.015120  0.020776  0.031971
URL http://jaspar.genereg.net/matrix/MA2339.1

MOTIF MA2340.1
letter-probability matrix: alength= 4 w= 10 nsites= 1019 E= 0
 0.761531  0.088322  0.105986  0.044161
 0.038273  0.826300  0.107949  0.027478
 0.057900  0.859666  0.056919  0.025515
 0.020608  0.034347  0.922473  0.022571
 0.014720  0.021590  0.945044  0.018646
 0.873405  0.042198  0.071639  0.012758
 0.807655  0.060844  0.092247  0.039254
 0.061825  0.094210  0.812561  0.031403
 0.061825  0.156035  0.103042  0.679097
 0.100098  0.136408  0.684004  0.079490
URL http://jaspar.genereg.net/matrix/MA2340.1

MOTIF MA0006.2
letter-probability matrix: alength= 4 w= 5 nsites= 24 E= 0
 0.000000  0.000000  0.958333  0.041667
 0.000000  0.958333  0.000000  0.041667
 0.000000  0.000000  0.958333  0.041667
 0.000000  0.000000  0.000000  1.000000
 0.000000  0.000000  1.000000  0.000000
URL http://jaspar.genereg.net/matrix/MA0006.2

MOTIF MA0854.2
letter-probability matrix: alength= 4 w= 8 nsites= 100 E= 0
 0.050000  0.400000  0.020000  0.530000
 0.010000  0.070000  0.000000  0.920000
 0.989899  0.000000  0.010101  0.000000
 0.980000  0.000000  0.010000  0.010000
 0.010000  0.010000  0.000000  0.980000
 0.000000  0.010101  0.000000  0.989899
 0.920000  0.000000  0.070000  0.010000
 0.530000  0.020000  0.400000  0.050000
URL http://jaspar.genereg.net/matrix/MA0854.2

MOTIF MA0853.2
letter-probability matrix: alength= 4 w= 12 nsites= 101 E= 0
 0.158416  0.584158  0.148515  0.108911
 0.100000  0.240000  0.560000  0.100000
 0.190000  0.440000  0.160000  0.210000
 0.400000  0.150000  0.290000  0.160000
 0.020202  0.343434  0.010101  0.626263
 0.009901  0.079208  0.000000  0.910891
 0.980198  0.009901  0.009901  0.000000
 0.980000  0.000000  0.010000  0.010000
 0.010000  0.010000  0.000000  0.980000
 0.000000  0.009901  0.009901  0.980198
 0.910891  0.000000  0.079208  0.009901
 0.626263  0.010101  0.343434  0.020202
URL http://jaspar.genereg.net/matrix/MA0853.2

MOTIF MA0007.4
letter-probability matrix: alength= 4 w= 16 nsites= 3102 E= 0
 0.352676  0.053836  0.501289  0.092199
 0.293805  0.005319  0.694931  0.005945
 0.002077  0.000000  0.996365  0.001558
 0.443498  0.107818  0.068173  0.380511
 0.994949  0.002296  0.001377  0.001377
 0.001818  0.995000  0.002273  0.000909
 0.867884  0.008692  0.118644  0.004781
 0.080665  0.497771  0.132955  0.288610
 0.209955  0.228668  0.370883  0.190494
 0.261698  0.086655  0.579896  0.071750
 0.011591  0.097295  0.002810  0.888303
 0.000000  0.001104  0.998620  0.000276
 0.007874  0.001432  0.000000  0.990694
 0.454200  0.042569  0.087419  0.415811
 0.003210  0.993122  0.000000  0.003668
 0.013306  0.641164  0.000832  0.344699
URL http://jaspar.genereg.net/matrix/MA0007.4

MOTIF MA0601.2
letter-probability matrix: alength= 4 w= 7 nsites= 999 E= 0
 0.273273  0.080080  0.080080  0.566567
 0.609000  0.119000  0.034000  0.238000
 0.104104  0.000000  0.000000  0.895896
 0.000000  0.000000  0.000000  1.000000
 1.000000  0.000000  0.000000  0.000000
 0.911000  0.000000  0.000000  0.089000
 0.089000  0.000000  0.000000  0.911000
URL http://jaspar.genereg.net/matrix/MA0601.2

MOTIF MA0602.2
letter-probability matrix: alength= 4 w= 8 nsites= 99 E= 0
 0.161616  0.323232  0.030303  0.484848
 0.850000  0.030000  0.070000  0.050000
 0.969697  0.000000  0.010101  0.020202
 0.060000  0.000000  0.010000  0.930000
 0.920792  0.009901  0.009901  0.059406
 0.020000  0.010000  0.010000  0.960000
 0.040000  0.090000  0.040000  0.830000
 0.230000  0.030000  0.520000  0.220000
URL http://jaspar.genereg.net/matrix/MA0602.2

MOTIF MA0603.2
letter-probability matrix: alength= 4 w= 8 nsites= 1000 E= 0
 0.246000  0.125000  0.558000  0.071000
 0.061938  0.043956  0.142857  0.751249
 0.003000  0.997000  0.000000  0.000000
 0.953000  0.016000  0.010000  0.021000
 0.002000  0.965000  0.009000  0.024000
 0.048000  0.003000  0.946000  0.003000
 0.054000  0.058000  0.051000  0.837000
 0.009009  0.004004  0.938939  0.048048
URL http://jaspar.genereg.net/matrix/MA0603.2

MOTIF MA0874.2
letter-probability matrix: alength= 4 w= 10 nsites= 101 E= 0
 0.217822  0.554455  0.128713  0.099010
 0.495050  0.059406  0.376238  0.069307
 0.010000  0.380000  0.010000  0.600000
 0.010000  0.130000  0.000000  0.860000
 0.989899  0.000000  0.000000  0.010101
 0.980198  0.000000  0.009901  0.009901
 0.009901  0.009901  0.000000  0.980198
 0.010101  0.000000  0.000000  0.989899
 0.860000  0.000000  0.130000  0.010000
 0.600000  0.010000  0.380000  0.010000
URL http://jaspar.genereg.net/matrix/MA0874.2

MOTIF MA1988.2
letter-probability matrix: alength= 4 w= 7 nsites= 54692 E= 0
 0.010623  0.012232  0.006527  0.970617
 0.028542  0.008100  0.891794  0.071564
 0.974877  0.006509  0.008612  0.010001
 0.041359  0.835040  0.082242  0.041359
 0.042748  0.009215  0.024958  0.923078
 0.099119  0.852227  0.010495  0.038159
 0.951620  0.012305  0.019857  0.016218
URL http://jaspar.genereg.net/matrix/MA1988.2

MOTIF MA0461.3
letter-probability matrix: alength= 4 w= 8 nsites= 1194 E= 0
 0.548576  0.090452  0.311558  0.049414
 0.509250  0.325219  0.145083  0.020448
 0.038997  0.953575  0.007428  0.000000
 0.950046  0.018501  0.031452  0.000000
 0.014286  0.008403  0.114286  0.863025
 0.932788  0.067212  0.000000  0.000000
 0.020794  0.003781  0.004726  0.970699
 0.001885  0.000943  0.967955  0.029218
URL http://jaspar.genereg.net/matrix/MA0461.3

MOTIF MA1467.3
letter-probability matrix: alength= 4 w= 7 nsites= 21477 E= 0
 0.012711  0.961820  0.009685  0.015784
 0.976719  0.007915  0.011966  0.003399
 0.007683  0.019789  0.880523  0.092005
 0.981469  0.005355  0.008800  0.004377
 0.005448  0.025702  0.004610  0.964241
 0.013037  0.007403  0.970201  0.009359
 0.053918  0.100712  0.733017  0.112353
URL http://jaspar.genereg.net/matrix/MA1467.3

MOTIF MA0591.2
letter-probability matrix: alength= 4 w= 12 nsites= 114 E= 0
 0.131579  0.359649  0.473684  0.035088
 0.578947  0.140351  0.280702  0.000000
 0.017544  0.008772  0.000000  0.973684
 0.000000  0.000000  0.938596  0.061404
 0.991228  0.000000  0.000000  0.008772
 0.000000  0.824561  0.175439  0.000000
 0.008772  0.000000  0.035088  0.956140
 0.043860  0.938596  0.017544  0.000000
 0.947368  0.008772  0.026316  0.017544
 0.000000  0.008772  0.991228  0.000000
 0.000000  1.000000  0.000000  0.000000
 0.859649  0.035088  0.052632  0.052632
URL http://jaspar.genereg.net/matrix/MA0591.2

MOTIF MA0489.3
letter-probability matrix: alength= 4 w= 8 nsites= 94103 E= 0
 0.012391  0.007609  0.007630  0.972371
 0.010287  0.015600  0.945007  0.029106
 0.948376  0.015866  0.018246  0.017513
 0.041019  0.755608  0.158900  0.044473
 0.032241  0.009777  0.010722  0.947260
 0.039223  0.937430  0.013050  0.010297
 0.951043  0.019415  0.012189  0.017353
 0.052868  0.155542  0.138572  0.653019
URL http://jaspar.genereg.net/matrix/MA0489.3

MOTIF MA1989.2
letter-probability matrix: alength= 4 w= 9 nsites= 39791 E= 0
 0.621824  0.127768  0.093287  0.157121
 0.789324  0.058782  0.076500  0.075394
 0.907994  0.035108  0.041768  0.015129
 0.034958  0.924782  0.019150  0.021110
 0.026589  0.941821  0.010455  0.021135
 0.923174  0.023623  0.020005  0.033198
 0.043176  0.904350  0.030585  0.021889
 0.906059  0.035108  0.031314  0.027519
 0.595336  0.089116  0.178935  0.136614
URL http://jaspar.genereg.net/matrix/MA1989.2

MOTIF MA1472.3
letter-probability matrix: alength= 4 w= 8 nsites= 21916 E= 0
 0.692325  0.150484  0.131548  0.025643
 0.012274  0.967147  0.016107  0.004472
 0.969383  0.005795  0.007255  0.017567
 0.005156  0.015012  0.953824  0.026008
 0.026008  0.953824  0.015012  0.005156
 0.017567  0.007255  0.005795  0.969383
 0.004472  0.016107  0.967147  0.012274
 0.025643  0.131548  0.150484  0.692325
URL http://jaspar.genereg.net/matrix/MA1472.3

MOTIF MA0840.2
letter-probability matrix: alength= 4 w= 10 nsites= 4227 E= 0
 0.876272  0.053702  0.060563  0.009463
 0.001610  0.004294  0.000000  0.994096
 0.002801  0.001293  0.798104  0.197802
 0.997039  0.000000  0.000269  0.002692
 0.000000  0.984844  0.000000  0.015156
 0.039170  0.000000  0.960830  0.000000
 0.004828  0.001609  0.000000  0.993562
 0.198270  0.800865  0.000000  0.000865
 0.999460  0.000000  0.000000  0.000540
 0.006569  0.488965  0.020231  0.484235
URL http://jaspar.genereg.net/matrix/MA0840.2

MOTIF MA0467.3
letter-probability matrix: alength= 4 w= 6 nsites= 4333 E= 0
 0.004385  0.035772  0.952919  0.006924
 0.006000  0.008308  0.969305  0.016386
 0.975537  0.003923  0.009693  0.010847
 0.002539  0.007385  0.002077  0.987999
 0.011539  0.005770  0.004616  0.978075
 0.978768  0.005770  0.005308  0.010155
URL http://jaspar.genereg.net/matrix/MA0467.3

MOTIF MA0650.4
letter-probability matrix: alength= 4 w= 8 nsites= 17248 E= 0
 0.083604  0.730519  0.109520  0.076357
 0.073806  0.817486  0.004464  0.104244
 0.815689  0.092417  0.008465  0.083430
 0.893437  0.014089  0.038613  0.053861
 0.006088  0.014436  0.013451  0.966025
 0.916280  0.011885  0.023597  0.048237
 0.974780  0.007247  0.005682  0.012291
 0.959532  0.017741  0.008407  0.014321
URL http://jaspar.genereg.net/matrix/MA0650.4

MOTIF MA0885.3
letter-probability matrix: alength= 4 w= 8 nsites= 7437 E= 0
 0.054054  0.057012  0.841199  0.047734
 0.038725  0.817803  0.021380  0.122092
 0.953072  0.022052  0.006320  0.018556
 0.947291  0.018152  0.015329  0.019228
 0.020976  0.006051  0.008202  0.964771
 0.009412  0.042490  0.013850  0.934248
 0.931021  0.002958  0.015329  0.050692
 0.125185  0.072207  0.705392  0.097217
URL http://jaspar.genereg.net/matrix/MA0885.3

MOTIF MA0880.2
letter-probability matrix: alength= 4 w= 6 nsites= 8059 E= 0
 0.070977  0.512843  0.020350  0.395831
 0.766967  0.104210  0.061479  0.067344
 0.890876  0.065207  0.007543  0.036375
 0.022697  0.008659  0.007872  0.960771
 0.045815  0.061431  0.051900  0.840854
 0.880486  0.024288  0.012144  0.083083
URL http://jaspar.genereg.net/matrix/MA0880.2

MOTIF MA0881.2
letter-probability matrix: alength= 4 w= 6 nsites= 12923 E= 0
 0.056024  0.529366  0.011220  0.403389
 0.794280  0.098840  0.048695  0.058184
 0.902786  0.055722  0.004119  0.037373
 0.007175  0.006930  0.003098  0.982797
 0.031646  0.062428  0.038982  0.866945
 0.884308  0.023182  0.009831  0.082679
URL http://jaspar.genereg.net/matrix/MA0881.2

MOTIF MA1476.3
letter-probability matrix: alength= 4 w= 8 nsites= 4077 E= 0
 0.052980  0.044886  0.856022  0.046112
 0.034830  0.824871  0.019132  0.121168
 0.958057  0.021584  0.004660  0.015698
 0.956095  0.015207  0.014471  0.014226
 0.016679  0.006377  0.005641  0.971302
 0.008094  0.035075  0.012754  0.944077
 0.940888  0.001472  0.009075  0.048565
 0.135884  0.074565  0.651950  0.137601
URL http://jaspar.genereg.net/matrix/MA1476.3

MOTIF MA0883.2
letter-probability matrix: alength= 4 w= 10 nsites= 100 E= 0
 0.490000  0.080000  0.310000  0.120000
 0.490000  0.080000  0.130000  0.300000
 0.250000  0.360000  0.180000  0.210000
 0.277228  0.495050  0.198020  0.029703
 0.060000  0.010000  0.930000  0.000000
 0.000000  0.010000  0.990000  0.000000
 0.940000  0.060000  0.000000  0.000000
 0.000000  0.000000  0.000000  1.000000
 0.010000  0.010000  0.000000  0.980000
 0.970000  0.000000  0.000000  0.030000
URL http://jaspar.genereg.net/matrix/MA0883.2

MOTIF MA1603.2
letter-probability matrix: alength= 4 w= 9 nsites= 18295 E= 0
 0.213993  0.067122  0.050178  0.668707
 0.980213  0.003772  0.004482  0.011533
 0.011533  0.963815  0.007598  0.017054
 0.955944  0.006013  0.005685  0.032359
 0.850943  0.026346  0.024925  0.097786
 0.679585  0.011205  0.017600  0.291610
 0.039738  0.010112  0.930965  0.019186
 0.029899  0.008800  0.010932  0.950369
 0.566658  0.067395  0.137797  0.228150
URL http://jaspar.genereg.net/matrix/MA1603.2

MOTIF MA0611.3
letter-probability matrix: alength= 4 w= 11 nsites= 3067 E= 0
 0.270623  0.022824  0.080861  0.625693
 0.038474  0.005217  0.944245  0.012064
 0.991523  0.002934  0.001956  0.003587
 0.005869  0.003261  0.018911  0.971960
 0.002608  0.071731  0.007173  0.918487
 0.133355  0.299967  0.269645  0.297033
 0.973264  0.007173  0.015650  0.003913
 0.986306  0.007173  0.001630  0.004891
 0.002934  0.001956  0.000978  0.994131
 0.009782  0.949462  0.002282  0.038474
 0.901858  0.015324  0.007499  0.075318
URL http://jaspar.genereg.net/matrix/MA0611.3

MOTIF MA1604.2
letter-probability matrix: alength= 4 w= 9 nsites= 26261 E= 0
 0.007464  0.970907  0.014318  0.007311
 0.019535  0.923499  0.009863  0.047104
 0.016564  0.957199  0.009215  0.017021
 0.732455  0.142569  0.054339  0.070637
 0.729409  0.051293  0.138418  0.080880
 0.028064  0.009101  0.955904  0.006930
 0.048589  0.008377  0.928601  0.014432
 0.036975  0.022086  0.918625  0.022314
 0.830204  0.054720  0.064773  0.050303
URL http://jaspar.genereg.net/matrix/MA1604.2

MOTIF MA0136.4
letter-probability matrix: alength= 4 w= 8 nsites= 42146 E= 0
 0.698216  0.143905  0.123476  0.034404
 0.920087  0.023205  0.048617  0.008091
 0.012148  0.004318  0.973402  0.010131
 0.013928  0.012101  0.963935  0.010037
 0.970341  0.013762  0.009254  0.006644
 0.962179  0.009230  0.011413  0.017178
 0.061904  0.029279  0.896953  0.011864
 0.122906  0.079604  0.117401  0.680088
URL http://jaspar.genereg.net/matrix/MA0136.4

MOTIF MA0480.3
letter-probability matrix: alength= 4 w= 7 nsites= 14116 E= 0
 0.099957  0.034075  0.826721  0.039246
 0.066945  0.039317  0.072613  0.821125
 0.879003  0.066166  0.033862  0.020969
 0.897067  0.060145  0.027203  0.015585
 0.918957  0.027416  0.035988  0.017640
 0.020757  0.900397  0.025220  0.053627
 0.944460  0.019623  0.010839  0.025078
URL http://jaspar.genereg.net/matrix/MA0480.3

MOTIF MA0474.4
letter-probability matrix: alength= 4 w= 10 nsites= 30061 E= 0
 0.654935  0.091215  0.164199  0.089651
 0.061109  0.823625  0.090882  0.024384
 0.890622  0.085127  0.015402  0.008849
 0.005655  0.004424  0.983400  0.006520
 0.009880  0.008815  0.972057  0.009248
 0.972955  0.011809  0.009115  0.006121
 0.927481  0.012308  0.009215  0.050996
 0.162802  0.039021  0.785070  0.013107
 0.077110  0.110109  0.095473  0.717308
 0.161206  0.131000  0.599381  0.108413
URL http://jaspar.genereg.net/matrix/MA0474.4

MOTIF MA0643.2
letter-probability matrix: alength= 4 w= 9 nsites= 27172 E= 0
 0.128404  0.219859  0.103047  0.548690
 0.043775  0.621484  0.304315  0.030425
 0.949195  0.000000  0.038391  0.012415
 0.996591  0.000802  0.002273  0.000334
 0.000788  0.000460  0.979180  0.019572
 0.000000  0.001138  0.997925  0.000937
 0.029018  0.002521  0.051887  0.916574
 0.000425  0.905387  0.016457  0.077731
 0.900085  0.002053  0.094241  0.003622
URL http://jaspar.genereg.net/matrix/MA0643.2

MOTIF MA1606.2
letter-probability matrix: alength= 4 w= 7 nsites= 59540 E= 0
 0.311287  0.063050  0.564310  0.061354
 0.009540  0.007491  0.019449  0.963520
 0.962261  0.015099  0.007474  0.015166
 0.905979  0.037773  0.013621  0.042627
 0.960144  0.007978  0.017921  0.013957
 0.007340  0.913571  0.008767  0.070322
 0.947867  0.012513  0.007440  0.032180
URL http://jaspar.genereg.net/matrix/MA1606.2

MOTIF MA0851.2
letter-probability matrix: alength= 4 w= 9 nsites= 99 E= 0
 0.303030  0.010101  0.686869  0.000000
 0.010000  0.020000  0.000000  0.970000
 0.919192  0.080808  0.000000  0.000000
 0.950495  0.019802  0.000000  0.029703
 0.990000  0.000000  0.000000  0.010000
 0.000000  0.818182  0.000000  0.181818
 0.990000  0.000000  0.000000  0.010000
 0.782178  0.069307  0.059406  0.089109
 0.570000  0.090000  0.070000  0.270000
URL http://jaspar.genereg.net/matrix/MA0851.2

MOTIF MA1607.2
letter-probability matrix: alength= 4 w= 10 nsites= 18101 E= 0
 0.355395  0.087067  0.088338  0.469201
 0.616430  0.113309  0.116402  0.153859
 0.164908  0.049500  0.075742  0.709850
 0.144025  0.020275  0.809237  0.026463
 0.060604  0.016629  0.023148  0.899619
 0.951715  0.030827  0.006188  0.011270
 0.950887  0.018563  0.010331  0.020220
 0.947240  0.011933  0.022706  0.018121
 0.015579  0.867245  0.008342  0.108834
 0.863101  0.044583  0.022153  0.070162
URL http://jaspar.genereg.net/matrix/MA1607.2

MOTIF MA0157.4
letter-probability matrix: alength= 4 w= 7 nsites= 23912 E= 0
 0.145115  0.024674  0.803028  0.027183
 0.064654  0.018192  0.050142  0.867012
 0.930077  0.040482  0.013717  0.015724
 0.932084  0.033581  0.013926  0.020408
 0.943083  0.020199  0.019404  0.017313
 0.016853  0.888131  0.015097  0.079918
 0.925937  0.024548  0.015097  0.034418
URL http://jaspar.genereg.net/matrix/MA0157.4

MOTIF MA0037.5
letter-probability matrix: alength= 4 w= 8 nsites= 24868 E= 0
 0.081068  0.155179  0.102582  0.661171
 0.038041  0.792263  0.087060  0.082636
 0.031929  0.037317  0.011259  0.919495
 0.039569  0.030481  0.038604  0.891346
 0.923838  0.022760  0.021232  0.032170
 0.017171  0.011340  0.011702  0.959788
 0.011822  0.958622  0.010254  0.019302
 0.124658  0.036312  0.024449  0.814581
URL http://jaspar.genereg.net/matrix/MA0037.5

MOTIF MA0483.2
letter-probability matrix: alength= 4 w= 10 nsites= 1761 E= 0
 0.638274  0.248722  0.059057  0.053947
 1.000000  0.000000  0.000000  0.000000
 0.998864  0.000000  0.001136  0.000000
 0.000000  0.191936  0.015900  0.792164
 0.000000  1.000000  0.000000  0.000000
 0.586599  0.011925  0.000000  0.401476
 0.034639  0.745031  0.220329  0.000000
 0.633731  0.000000  0.000568  0.365701
 0.032368  0.000568  0.951732  0.015332
 0.080636  0.754117  0.043157  0.122090
URL http://jaspar.genereg.net/matrix/MA0483.2

MOTIF MA1990.2
letter-probability matrix: alength= 4 w= 10 nsites= 4003 E= 0
 0.530602  0.074694  0.275793  0.118911
 0.028229  0.048214  0.883088  0.040470
 0.779415  0.082688  0.124407  0.013490
 0.024981  0.935299  0.021984  0.017737
 0.017737  0.951536  0.018486  0.012241
 0.912566  0.018236  0.021734  0.047464
 0.009493  0.956033  0.018736  0.015738
 0.139645  0.807145  0.036223  0.016987
 0.038221  0.890832  0.027479  0.043467
 0.827379  0.046965  0.062703  0.062953
URL http://jaspar.genereg.net/matrix/MA1990.2

MOTIF MA0734.4
letter-probability matrix: alength= 4 w= 9 nsites= 2492 E= 0
 0.024077  0.038523  0.903291  0.034109
 0.770465  0.091091  0.135233  0.003210
 0.017657  0.964687  0.010835  0.006822
 0.003210  0.988764  0.005217  0.002809
 0.889246  0.016051  0.032905  0.061798
 0.003612  0.983547  0.004815  0.008026
 0.125602  0.860754  0.008026  0.005618
 0.023676  0.918138  0.030899  0.027287
 0.843098  0.034109  0.077448  0.045345
URL http://jaspar.genereg.net/matrix/MA0734.4

MOTIF MA0615.2
letter-probability matrix: alength= 4 w= 6 nsites= 101 E= 0
 0.049505  0.039604  0.326733  0.584158
 0.710000  0.010000  0.280000  0.000000
 0.000000  0.990000  0.000000  0.010000
 0.010000  0.000000  0.990000  0.000000
 0.000000  0.280000  0.010000  0.710000
 0.584158  0.326733  0.039604  0.049505
URL http://jaspar.genereg.net/matrix/MA0615.2

MOTIF MA0092.2
letter-probability matrix: alength= 4 w= 9 nsites= 29 E= 0
 0.344828  0.000000  0.517241  0.137931
 0.068966  0.068966  0.034483  0.827586
 0.000000  0.965517  0.000000  0.034483
 0.000000  0.000000  0.000000  1.000000
 0.000000  0.000000  1.000000  0.000000
 0.000000  0.103448  0.862069  0.034483
 0.310345  0.482759  0.034483  0.172414
 0.551724  0.000000  0.103448  0.344828
 0.172414  0.137931  0.137931  0.551724
URL http://jaspar.genereg.net/matrix/MA0092.2

MOTIF MA0739.2
letter-probability matrix: alength= 4 w= 8 nsites= 12392 E= 0
 0.511378  0.058021  0.376856  0.053744
 0.005361  0.036493  0.006313  0.951833
 0.074639  0.046197  0.864786  0.014378
 0.004473  0.984702  0.010825  0.000000
 0.007861  0.983295  0.002769  0.006075
 0.795268  0.176481  0.000265  0.027986
 0.557827  0.180431  0.205960  0.055783
 0.079510  0.717349  0.106165  0.096976
URL http://jaspar.genereg.net/matrix/MA0739.2

MOTIF MA0896.2
letter-probability matrix: alength= 4 w= 9 nsites= 100 E= 0
 0.690000  0.060000  0.160000  0.090000
 0.130000  0.080000  0.720000  0.070000
 0.010000  0.950000  0.000000  0.040000
 0.870000  0.000000  0.120000  0.010000
 0.880000  0.110000  0.000000  0.010000
 0.000000  0.000000  0.000000  1.000000
 0.019802  0.059406  0.000000  0.920792
 0.959596  0.000000  0.010101  0.030303
 0.888889  0.010101  0.040404  0.060606
URL http://jaspar.genereg.net/matrix/MA0896.2

MOTIF MA0897.2
letter-probability matrix: alength= 4 w= 15 nsites= 100 E= 0
 0.550000  0.190000  0.170000  0.090000
 0.762376  0.059406  0.118812  0.059406
 0.170000  0.150000  0.570000  0.110000
 0.010101  0.979798  0.000000  0.010101
 0.850000  0.000000  0.150000  0.000000
 0.850000  0.130000  0.010000  0.010000
 0.010000  0.000000  0.000000  0.990000
 0.019802  0.059406  0.000000  0.920792
 0.939394  0.000000  0.010101  0.050505
 0.890000  0.010000  0.020000  0.080000
 0.360000  0.190000  0.110000  0.340000
 0.247525  0.207921  0.405941  0.138614
 0.410000  0.270000  0.270000  0.050000
 0.470000  0.100000  0.250000  0.180000
 0.090909  0.070707  0.090909  0.747475
URL http://jaspar.genereg.net/matrix/MA0897.2

MOTIF MA0898.2
letter-probability matrix: alength= 4 w= 9 nsites= 100 E= 0
 0.760000  0.070000  0.110000  0.060000
 0.151515  0.101010  0.595960  0.151515
 0.020000  0.940000  0.000000  0.040000
 0.831683  0.000000  0.158416  0.009901
 0.870000  0.120000  0.000000  0.010000
 0.010000  0.000000  0.000000  0.990000
 0.010101  0.040404  0.000000  0.949495
 0.929293  0.000000  0.020202  0.050505
 0.878788  0.020202  0.030303  0.070707
URL http://jaspar.genereg.net/matrix/MA0898.2

MOTIF MA1991.2
letter-probability matrix: alength= 4 w= 10 nsites= 1249 E= 0
 0.082466  0.595677  0.163331  0.158527
 0.014412  0.904724  0.031225  0.049640
 0.015212  0.024019  0.005604  0.955164
 0.012810  0.040833  0.048038  0.898319
 0.012810  0.008807  0.009608  0.968775
 0.024019  0.094476  0.827062  0.054444
 0.900721  0.028022  0.012810  0.058447
 0.084067  0.016813  0.024820  0.874299
 0.068054  0.551641  0.301841  0.078463
 0.124900  0.168135  0.079263  0.627702
URL http://jaspar.genereg.net/matrix/MA1991.2

MOTIF MA0911.2
letter-probability matrix: alength= 4 w= 9 nsites= 1258 E= 0
 0.235294  0.202703  0.559618  0.002385
 0.001335  0.037383  0.021362  0.939920
 0.038961  0.914286  0.000000  0.046753
 0.259605  0.002077  0.731049  0.007269
 0.019391  0.001385  0.004155  0.975069
 0.679167  0.004167  0.018056  0.298611
 0.955224  0.000000  0.002714  0.042062
 0.909561  0.034884  0.003876  0.051680
 0.598131  0.135089  0.099405  0.167375
URL http://jaspar.genereg.net/matrix/MA0911.2

MOTIF MA0909.4
letter-probability matrix: alength= 4 w= 7 nsites= 5977 E= 0
 0.002677  0.981429  0.005688  0.010206
 0.966204  0.000837  0.024762  0.008198
 0.990965  0.002175  0.001840  0.005019
 0.000000  0.000335  0.000502  0.999163
 0.996319  0.000669  0.001171  0.001840
 0.990965  0.006190  0.000335  0.002510
 0.707211  0.117785  0.063410  0.111594
URL http://jaspar.genereg.net/matrix/MA0909.4

MOTIF MA1992.2
letter-probability matrix: alength= 4 w= 9 nsites= 1183 E= 0
 0.043111  0.843618  0.087067  0.026205
 0.890955  0.052409  0.040575  0.016061
 0.003381  0.005917  0.985630  0.005072
 0.015216  0.013525  0.964497  0.006762
 0.955199  0.021133  0.018597  0.005072
 0.894336  0.010144  0.016906  0.078614
 0.086221  0.038039  0.854607  0.021133
 0.097210  0.124260  0.093829  0.684700
 0.105664  0.119189  0.683009  0.092139
URL http://jaspar.genereg.net/matrix/MA1992.2

MOTIF MA0050.4
letter-probability matrix: alength= 4 w= 11 nsites= 15640 E= 0
 0.238107  0.082609  0.130115  0.549169
 0.106202  0.040729  0.810870  0.042199
 0.880563  0.023082  0.065473  0.030882
 0.945972  0.016176  0.016496  0.021355
 0.951279  0.011253  0.015345  0.022123
 0.123977  0.628005  0.211957  0.036061
 0.121483  0.059655  0.017519  0.801343
 0.065026  0.020077  0.895972  0.018926
 0.904412  0.019054  0.049552  0.026982
 0.922251  0.022570  0.031905  0.023274
 0.906138  0.023338  0.038811  0.031714
URL http://jaspar.genereg.net/matrix/MA0050.4

MOTIF MA1608.2
letter-probability matrix: alength= 4 w= 7 nsites= 5637 E= 0
 0.063154  0.835551  0.034061  0.067234
 0.076637  0.866596  0.009580  0.047188
 0.971439  0.005322  0.017563  0.005677
 0.011886  0.009580  0.006032  0.972503
 0.011354  0.018450  0.006919  0.963278
 0.968955  0.007983  0.003548  0.019514
 0.193188  0.072734  0.656732  0.077346
URL http://jaspar.genereg.net/matrix/MA1608.2

MOTIF MA0768.3
letter-probability matrix: alength= 4 w= 8 nsites= 1081 E= 0
 0.067530  0.728955  0.120259  0.083256
 0.024052  0.914894  0.019426  0.041628
 0.011101  0.017576  0.012951  0.958372
 0.017576  0.043478  0.036078  0.902868
 0.016651  0.016651  0.013876  0.952821
 0.067530  0.069380  0.815911  0.047179
 0.913043  0.025902  0.023127  0.037928
 0.120259  0.025902  0.047179  0.806660
URL http://jaspar.genereg.net/matrix/MA0768.3

MOTIF MA1518.3
letter-probability matrix: alength= 4 w= 10 nsites= 454 E= 0
 0.101322  0.127753  0.607930  0.162996
 0.083700  0.572687  0.143172  0.200441
 0.028634  0.052863  0.013216  0.905286
 0.892070  0.066079  0.035242  0.006608
 0.962555  0.004405  0.011013  0.022026
 0.022026  0.011013  0.002203  0.964758
 0.006608  0.035242  0.061674  0.896476
 0.907489  0.011013  0.052863  0.028634
 0.207048  0.140969  0.572687  0.079295
 0.162996  0.607930  0.129956  0.099119
URL http://jaspar.genereg.net/matrix/MA1518.3

MOTIF MA0135.2
letter-probability matrix: alength= 4 w= 12 nsites= 20 E= 0
 0.450000  0.000000  0.150000  0.400000
 0.800000  0.100000  0.100000  0.000000
 0.950000  0.000000  0.000000  0.050000
 0.000000  0.000000  0.000000  1.000000
 0.000000  0.000000  0.000000  1.000000
 0.950000  0.000000  0.000000  0.050000
 1.000000  0.000000  0.000000  0.000000
 0.100000  0.100000  0.000000  0.800000
 0.000000  0.050000  0.000000  0.950000
 0.800000  0.050000  0.000000  0.150000
 0.450000  0.000000  0.150000  0.400000
 0.100000  0.400000  0.000000  0.500000
URL http://jaspar.genereg.net/matrix/MA0135.2

MOTIF MA0704.2
letter-probability matrix: alength= 4 w= 6 nsites= 4025 E= 0
 0.053913  0.226584  0.000000  0.719503
 0.744856  0.110082  0.079475  0.065586
 0.949197  0.000000  0.000000  0.050803
 0.000000  0.000000  0.000000  1.000000
 0.000000  0.131215  0.016770  0.852015
 0.855286  0.011518  0.093325  0.039870
URL http://jaspar.genereg.net/matrix/MA0704.2

MOTIF MA0705.2
letter-probability matrix: alength= 4 w= 6 nsites= 7088 E= 0
 0.000000  0.281603  0.000000  0.718397
 0.735626  0.023115  0.241260  0.000000
 1.000000  0.000000  0.000000  0.000000
 0.000000  0.000000  0.000000  1.000000
 0.000000  0.286796  0.012116  0.701088
 0.725253  0.000000  0.274747  0.000000
URL http://jaspar.genereg.net/matrix/MA0705.2

MOTIF MA0117.3
letter-probability matrix: alength= 4 w= 11 nsites= 2183 E= 0
 0.566651  0.079707  0.149336  0.204306
 0.578827  0.055454  0.072869  0.292851
 0.494959  0.098992  0.083410  0.322640
 0.340972  0.182401  0.196609  0.280018
 0.085299  0.199677  0.010016  0.705008
 0.000908  0.006355  0.990468  0.002270
 0.118521  0.876657  0.002009  0.002812
 0.013772  0.015993  0.000888  0.969347
 0.018672  0.005394  0.905394  0.070539
 0.980674  0.005843  0.007640  0.005843
 0.058203  0.697793  0.156700  0.087304
URL http://jaspar.genereg.net/matrix/MA0117.3

MOTIF MA0659.4
letter-probability matrix: alength= 4 w= 12 nsites= 20118 E= 0
 0.057511  0.118700  0.775823  0.047967
 0.419227  0.490208  0.050452  0.040113
 0.028929  0.046128  0.017944  0.906999
 0.020678  0.019734  0.922110  0.037479
 0.901730  0.020380  0.059300  0.018590
 0.041306  0.747192  0.174172  0.037330
 0.039964  0.019237  0.014017  0.926782
 0.034546  0.922706  0.022318  0.020429
 0.927726  0.008599  0.030918  0.032757
 0.013570  0.011035  0.931156  0.044239
 0.025649  0.900338  0.043643  0.030371
 0.618700  0.096133  0.119942  0.165225
URL http://jaspar.genereg.net/matrix/MA0659.4

MOTIF MA0029.2
letter-probability matrix: alength= 4 w= 11 nsites= 27 E= 0
 0.740741  0.037037  0.074074  0.148148
 0.000000  0.037037  0.925926  0.037037
 1.000000  0.000000  0.000000  0.000000
 0.037037  0.370370  0.000000  0.592593
 1.000000  0.000000  0.000000  0.000000
 0.962963  0.000000  0.037037  0.000000
 0.000000  0.000000  1.000000  0.000000
 1.000000  0.000000  0.000000  0.000000
 0.000000  0.111111  0.000000  0.888889
 0.888889  0.037037  0.000000  0.074074
 0.851852  0.000000  0.148148  0.000000
URL http://jaspar.genereg.net/matrix/MA0029.2

MOTIF MA0622.2
letter-probability matrix: alength= 4 w= 6 nsites= 999 E= 0
 0.000000  1.000000  0.000000  0.000000
 1.000000  0.000000  0.000000  0.000000
 0.000000  1.000000  0.000000  0.000000
 0.000000  0.000000  1.000000  0.000000
 0.000000  0.000000  0.000000  1.000000
 0.000000  0.000000  1.000000  0.000000
URL http://jaspar.genereg.net/matrix/MA0622.2

MOTIF MA1524.3
letter-probability matrix: alength= 4 w= 10 nsites= 542 E= 0
 0.356089  0.038745  0.597786  0.007380
 0.669742  0.236162  0.084871  0.009225
 0.000000  0.994465  0.003690  0.001845
 0.990775  0.005535  0.000000  0.003690
 0.848708  0.014760  0.095941  0.040590
 0.990775  0.007380  0.000000  0.001845
 0.033210  0.011070  0.005535  0.950185
 0.001845  0.003690  0.979705  0.014760
 0.009225  0.014760  0.944649  0.031365
 0.068266  0.258303  0.092251  0.581181
URL http://jaspar.genereg.net/matrix/MA1524.3

MOTIF MA0709.2
letter-probability matrix: alength= 4 w= 6 nsites= 8721 E= 0
 0.035776  0.664832  0.003325  0.296067
 0.944651  0.018036  0.026716  0.010596
 0.984492  0.010456  0.004464  0.000587
 0.000000  0.000000  0.000000  1.000000
 0.013717  0.024374  0.011903  0.950006
 0.958810  0.006751  0.010069  0.024371
URL http://jaspar.genereg.net/matrix/MA0709.2

MOTIF MA1993.2
letter-probability matrix: alength= 4 w= 6 nsites= 54024 E= 0
 0.000259  0.997945  0.001074  0.000722
 0.986228  0.005738  0.008033  0.000000
 0.000148  0.000278  0.999260  0.000315
 0.000315  0.999260  0.000278  0.000148
 0.000000  0.008033  0.005738  0.986228
 0.000722  0.001074  0.997945  0.000259
URL http://jaspar.genereg.net/matrix/MA1993.2

MOTIF MA0668.3
letter-probability matrix: alength= 4 w= 8 nsites= 32957 E= 0
 0.627848  0.179294  0.177565  0.015293
 0.006493  0.980854  0.007464  0.005189
 0.985466  0.003975  0.006402  0.004157
 0.008769  0.016142  0.926177  0.048912
 0.892769  0.078011  0.021483  0.007737
 0.022818  0.016628  0.009497  0.951057
 0.005431  0.004582  0.976302  0.013684
 0.017781  0.055466  0.839002  0.087751
URL http://jaspar.genereg.net/matrix/MA0668.3

MOTIF MA0606.3
letter-probability matrix: alength= 4 w= 8 nsites= 356 E= 0
 0.783708  0.047753  0.132022  0.036517
 0.098315  0.028090  0.025281  0.848315
 0.036517  0.000000  0.932584  0.030899
 0.044944  0.022472  0.912921  0.019663
 0.921348  0.022472  0.042135  0.014045
 0.943820  0.002809  0.028090  0.025281
 0.938202  0.011236  0.022472  0.028090
 0.884831  0.022472  0.053371  0.039326
URL http://jaspar.genereg.net/matrix/MA0606.3

MOTIF MA0624.3
letter-probability matrix: alength= 4 w= 6 nsites= 6191 E= 0
 0.020675  0.036666  0.010499  0.932160
 0.008884  0.002100  0.986270  0.002746
 0.010015  0.002584  0.978517  0.008884
 0.982071  0.004846  0.004361  0.008722
 0.986432  0.002100  0.005169  0.006299
 0.960588  0.012437  0.006946  0.020029
URL http://jaspar.genereg.net/matrix/MA0624.3

MOTIF MA0152.3
letter-probability matrix: alength= 4 w= 8 nsites= 3239 E= 0
 0.668725  0.142019  0.090151  0.099105
 0.797468  0.063600  0.101575  0.037357
 0.052485  0.038283  0.031182  0.878049
 0.024082  0.005249  0.962643  0.008027
 0.010188  0.008336  0.967274  0.014202
 0.955542  0.011732  0.020068  0.012658
 0.969435  0.005866  0.013893  0.010806
 0.908923  0.032109  0.024390  0.034579
URL http://jaspar.genereg.net/matrix/MA0152.3

MOTIF MA0150.3
letter-probability matrix: alength= 4 w= 11 nsites= 726 E= 0
 0.672176  0.038567  0.282369  0.006887
 0.000000  0.000000  0.000000  1.000000
 0.000000  0.000000  0.979339  0.020661
 1.000000  0.000000  0.000000  0.000000
 0.027548  0.734160  0.162534  0.075758
 0.115702  0.027548  0.022039  0.834711
 0.089532  0.756198  0.063361  0.090909
 0.794766  0.004132  0.123967  0.077135
 0.013774  0.015152  0.961433  0.009642
 0.005510  0.962810  0.026171  0.005510
 0.858127  0.035813  0.042700  0.063361
URL http://jaspar.genereg.net/matrix/MA0150.3

MOTIF MA1994.2
letter-probability matrix: alength= 4 w= 7 nsites= 16242 E= 0
 0.017793  0.916513  0.011144  0.054550
 0.952961  0.016931  0.008989  0.021118
 0.010344  0.962936  0.007265  0.019456
 0.022719  0.009974  0.037249  0.930058
 0.015515  0.031893  0.019394  0.933198
 0.055104  0.040451  0.872553  0.031893
 0.938616  0.014961  0.013114  0.033309
URL http://jaspar.genereg.net/matrix/MA1994.2

MOTIF MA0124.3
letter-probability matrix: alength= 4 w= 7 nsites= 8367 E= 0
 0.117246  0.637624  0.212262  0.032867
 0.000000  0.939095  0.001760  0.059145
 0.976927  0.005127  0.001831  0.016114
 0.010902  0.985772  0.001663  0.001663
 0.000000  0.000187  0.000000  0.999813
 0.000000  0.045446  0.000000  0.954554
 0.846288  0.043306  0.027443  0.082963
URL http://jaspar.genereg.net/matrix/MA0124.3

MOTIF MA0122.4
letter-probability matrix: alength= 4 w= 10 nsites= 10220 E= 0
 0.559100  0.093151  0.143444  0.204305
 0.547750  0.108513  0.112916  0.230822
 0.254795  0.496967  0.147162  0.101076
 0.007730  0.968689  0.002250  0.021331
 0.969374  0.008023  0.001859  0.020744
 0.014775  0.975049  0.000978  0.009198
 0.004892  0.003131  0.002838  0.989139
 0.009295  0.013503  0.006654  0.970548
 0.947162  0.014384  0.006654  0.031800
 0.549902  0.096967  0.133855  0.219276
URL http://jaspar.genereg.net/matrix/MA0122.4

MOTIF MA0125.2
letter-probability matrix: alength= 4 w= 6 nsites= 38 E= 0
 0.000000  0.026316  0.000000  0.973684
 0.947368  0.000000  0.000000  0.052632
 1.000000  0.000000  0.000000  0.000000
 0.026316  0.026316  0.052632  0.894737
 0.052632  0.000000  0.105263  0.842105
 0.394737  0.000000  0.578947  0.026316
URL http://jaspar.genereg.net/matrix/MA0125.2

MOTIF MA0626.2
letter-probability matrix: alength= 4 w= 8 nsites= 999 E= 0
 0.154154  0.377377  0.420420  0.048048
 0.000000  1.000000  0.000000  0.000000
 1.000000  0.000000  0.000000  0.000000
 0.081081  0.918919  0.000000  0.000000
 0.081081  0.000000  0.918919  0.000000
 0.000000  0.000000  0.000000  1.000000
 0.081081  0.000000  0.918919  0.000000
 0.074000  0.172000  0.188000  0.566000
URL http://jaspar.genereg.net/matrix/MA0626.2

MOTIF MA1995.2
letter-probability matrix: alength= 4 w= 7 nsites= 8960 E= 0
 0.060268  0.054911  0.078348  0.806473
 0.037277  0.860826  0.064732  0.037165
 0.057478  0.039062  0.889397  0.014063
 0.013839  0.011830  0.028013  0.946317
 0.006250  0.020536  0.960045  0.013170
 0.832589  0.069420  0.040960  0.057031
 0.045089  0.813839  0.072210  0.068862
URL http://jaspar.genereg.net/matrix/MA1995.2

MOTIF MA1996.2
letter-probability matrix: alength= 4 w= 6 nsites= 8971 E= 0
 0.952960  0.021291  0.014714  0.011036
 0.009809  0.019061  0.949838  0.021291
 0.010144  0.004013  0.974250  0.011593
 0.006800  0.003901  0.004570  0.984729
 0.016386  0.945602  0.008026  0.029986
 0.963326  0.005685  0.026864  0.004124
URL http://jaspar.genereg.net/matrix/MA1996.2

MOTIF MA0494.2
letter-probability matrix: alength= 4 w= 16 nsites= 1269 E= 0
 0.000000  0.039401  0.022065  0.938534
 0.110323  0.023641  0.858156  0.007880
 0.581560  0.191489  0.107959  0.118991
 0.193853  0.765169  0.000000  0.040977
 0.045705  0.851064  0.002364  0.100867
 0.061466  0.246651  0.100867  0.591017
 0.282112  0.250591  0.270292  0.197006
 0.294720  0.202522  0.264775  0.237983
 0.625690  0.000000  0.252955  0.121355
 0.219070  0.014972  0.711584  0.054374
 0.060678  0.000000  0.003152  0.936170
 0.440504  0.060678  0.346730  0.152088
 0.709220  0.139480  0.151300  0.000000
 0.200946  0.758077  0.015760  0.025217
 0.092199  0.819543  0.000000  0.088258
 0.008668  0.395587  0.033097  0.562648
URL http://jaspar.genereg.net/matrix/MA0494.2

MOTIF MA1110.3
letter-probability matrix: alength= 4 w= 6 nsites= 4736 E= 0
 0.970650  0.017525  0.010346  0.001478
 0.002745  0.031672  0.959037  0.006546
 0.006546  0.000845  0.986275  0.006334
 0.000211  0.000000  0.000000  0.999789
 0.034417  0.918708  0.002111  0.044764
 0.968961  0.006123  0.024916  0.000000
URL http://jaspar.genereg.net/matrix/MA1110.3

MOTIF MA0164.2
letter-probability matrix: alength= 4 w= 6 nsites= 23 E= 0
 1.000000  0.000000  0.000000  0.000000
 1.000000  0.000000  0.000000  0.000000
 0.000000  0.043478  0.956522  0.000000
 0.000000  1.000000  0.000000  0.000000
 0.000000  0.000000  0.000000  1.000000
 0.000000  0.000000  0.000000  1.000000
URL http://jaspar.genereg.net/matrix/MA0164.2

MOTIF MA0677.2
letter-probability matrix: alength= 4 w= 13 nsites= 391 E= 0
 0.552430  0.028133  0.404092  0.015345
 0.028571  0.020000  0.891429  0.060000
 0.031609  0.022989  0.876437  0.068966
 0.013825  0.041475  0.057604  0.887097
 0.018092  0.860197  0.029605  0.092105
 0.953782  0.012605  0.016807  0.016807
 0.828460  0.021442  0.081871  0.068226
 0.924025  0.004107  0.071869  0.000000
 0.006079  0.006079  0.972644  0.015198
 0.011940  0.002985  0.937313  0.047761
 0.004484  0.022422  0.033632  0.939462
 0.001439  0.883453  0.030216  0.084892
 0.885602  0.013807  0.086785  0.013807
URL http://jaspar.genereg.net/matrix/MA0677.2

MOTIF MA0505.3
letter-probability matrix: alength= 4 w= 9 nsites= 30542 E= 0
 0.131622  0.102089  0.075404  0.690885
 0.066531  0.028453  0.889202  0.015814
 0.651169  0.038799  0.220549  0.089483
 0.010707  0.977474  0.004060  0.007760
 0.009790  0.973545  0.005435  0.011230
 0.011918  0.022723  0.011754  0.953605
 0.008709  0.011067  0.009331  0.970893
 0.011132  0.028485  0.949840  0.010543
 0.863401  0.021118  0.078646  0.036835
URL http://jaspar.genereg.net/matrix/MA0505.3

MOTIF MA0506.3
letter-probability matrix: alength= 4 w= 12 nsites= 12729 E= 0
 0.101265  0.566266  0.261607  0.070862
 0.058449  0.143845  0.067877  0.729830
 0.034960  0.026632  0.930238  0.008170
 0.032053  0.925682  0.026946  0.015319
 0.022468  0.015162  0.944772  0.017598
 0.011548  0.930002  0.040066  0.018383
 0.340325  0.430120  0.197502  0.032053
 0.010056  0.045330  0.035038  0.909577
 0.005342  0.019719  0.968183  0.006756
 0.010291  0.953963  0.015791  0.019954
 0.021526  0.045251  0.877445  0.055778
 0.033467  0.664703  0.079189  0.222641
URL http://jaspar.genereg.net/matrix/MA0506.3

MOTIF MA1997.2
letter-probability matrix: alength= 4 w= 6 nsites= 61142 E= 0
 0.000164  0.997154  0.001865  0.000818
 0.976955  0.010925  0.012119  0.000000
 0.000229  0.000294  0.998806  0.000671
 0.000671  0.998806  0.000294  0.000229
 0.000000  0.012119  0.010925  0.976955
 0.000818  0.001865  0.997154  0.000164
URL http://jaspar.genereg.net/matrix/MA1997.2

MOTIF MA0680.3
letter-probability matrix: alength= 4 w= 10 nsites= 41429 E= 0
 0.225977  0.085013  0.076010  0.613001
 0.932149  0.020710  0.021820  0.025320
 0.941611  0.016269  0.017355  0.024765
 0.021048  0.026358  0.020058  0.932535
 0.027807  0.750416  0.032731  0.189046
 0.853364  0.041541  0.088754  0.016341
 0.938521  0.013083  0.026431  0.021965
 0.026214  0.010379  0.011924  0.951483
 0.026745  0.043569  0.017089  0.912597
 0.775809  0.037438  0.038910  0.147843
URL http://jaspar.genereg.net/matrix/MA0680.3

MOTIF MA1615.2
letter-probability matrix: alength= 4 w= 8 nsites= 14153 E= 0
 0.135590  0.103936  0.094538  0.665937
 0.013919  0.017170  0.960574  0.008337
 0.085706  0.025154  0.866318  0.022822
 0.013213  0.018795  0.955063  0.012930
 0.012718  0.023741  0.953508  0.010033
 0.055253  0.899951  0.022115  0.022681
 0.012789  0.929273  0.029817  0.028121
 0.852399  0.048470  0.072917  0.026214
URL http://jaspar.genereg.net/matrix/MA1615.2

MOTIF MA0065.3
letter-probability matrix: alength= 4 w= 13 nsites= 860 E= 0
 0.453488  0.026744  0.427907  0.091860
 0.116144  0.003484  0.779326  0.101045
 0.161253  0.017401  0.781903  0.039443
 0.168213  0.149652  0.458237  0.223898
 0.082271  0.633835  0.207416  0.076477
 0.949015  0.024334  0.017381  0.009270
 0.604867  0.055620  0.312862  0.026651
 0.825231  0.005787  0.158565  0.010417
 0.095017  0.002317  0.888760  0.013905
 0.047509  0.010429  0.803013  0.139050
 0.025492  0.114716  0.304751  0.555041
 0.062645  0.643852  0.167053  0.126450
 0.784223  0.067285  0.054524  0.093968
URL http://jaspar.genereg.net/matrix/MA0065.3

MOTIF MA1998.2
letter-probability matrix: alength= 4 w= 8 nsites= 13841 E= 0
 0.053103  0.078101  0.809118  0.059678
 0.021169  0.041254  0.899285  0.038292
 0.039304  0.027527  0.089155  0.844014
 0.019291  0.903764  0.040604  0.036341
 0.029983  0.092190  0.013222  0.864605
 0.009537  0.869157  0.064374  0.056932
 0.014667  0.020085  0.009248  0.956000
 0.907377  0.036486  0.028394  0.027744
URL http://jaspar.genereg.net/matrix/MA1998.2

MOTIF MA1616.2
letter-probability matrix: alength= 4 w= 11 nsites= 2237 E= 0
 0.112651  0.145284  0.595887  0.146178
 0.898972  0.026822  0.060349  0.013858
 0.948145  0.015199  0.025928  0.010729
 0.868127  0.021010  0.089405  0.021457
 0.805096  0.061690  0.067948  0.065266
 0.029951  0.867680  0.045150  0.057219
 0.099240  0.843093  0.047832  0.009835
 0.098346  0.161377  0.012517  0.727760
 0.008494  0.003129  0.983013  0.005364
 0.028610  0.010282  0.950380  0.010729
 0.684399  0.140367  0.098346  0.076889
URL http://jaspar.genereg.net/matrix/MA1616.2

MOTIF MA1647.3
letter-probability matrix: alength= 4 w= 11 nsites= 1181 E= 0
 0.186283  0.630821  0.064352  0.118544
 0.027942  0.929721  0.011854  0.030483
 0.017782  0.033870  0.011008  0.937341
 0.171041  0.031329  0.171888  0.625741
 0.025402  0.003387  0.966130  0.005080
 0.977985  0.010161  0.005927  0.005927
 0.965284  0.008467  0.022862  0.003387
 0.983065  0.005080  0.007621  0.004234
 0.013548  0.971211  0.006774  0.008467
 0.188823  0.367485  0.033023  0.410669
 0.143946  0.155800  0.605419  0.094835
URL http://jaspar.genereg.net/matrix/MA1647.3

MOTIF MA1999.2
letter-probability matrix: alength= 4 w= 11 nsites= 740 E= 0
 0.048649  0.081081  0.783784  0.086486
 0.079730  0.116216  0.067568  0.736486
 0.024324  0.058108  0.050000  0.867568
 0.027027  0.914865  0.017568  0.040541
 0.052703  0.041892  0.027027  0.878378
 0.021622  0.914865  0.040541  0.022973
 0.029730  0.925676  0.024324  0.020270
 0.777027  0.109459  0.054054  0.059459
 0.024324  0.079730  0.172973  0.722973
 0.058108  0.700000  0.116216  0.125676
 0.118919  0.195946  0.090541  0.594595
URL http://jaspar.genereg.net/matrix/MA1999.2

MOTIF MA1618.2
letter-probability matrix: alength= 4 w= 9 nsites= 14441 E= 0
 0.592341  0.190222  0.167163  0.050274
 0.009210  0.969877  0.009002  0.011911
 0.973894  0.008171  0.010595  0.007340
 0.017312  0.032269  0.905200  0.045218
 0.840108  0.119382  0.030261  0.010249
 0.008725  0.015511  0.008171  0.967592
 0.016689  0.008448  0.960321  0.014542
 0.066824  0.142511  0.197632  0.593034
 0.104633  0.162108  0.158923  0.574337
URL http://jaspar.genereg.net/matrix/MA1618.2

MOTIF MA1619.2
letter-probability matrix: alength= 4 w= 8 nsites= 7253 E= 0
 0.599200  0.147525  0.180339  0.072935
 0.006756  0.985661  0.003860  0.003723
 0.981525  0.005653  0.008962  0.003860
 0.004688  0.042327  0.922239  0.030746
 0.030884  0.923342  0.041224  0.004550
 0.003585  0.009100  0.005515  0.981801
 0.003723  0.003723  0.985799  0.006756
 0.073763  0.180891  0.146836  0.598511
URL http://jaspar.genereg.net/matrix/MA1619.2

MOTIF MA1620.2
letter-probability matrix: alength= 4 w= 8 nsites= 10291 E= 0
 0.667282  0.115441  0.137013  0.080264
 0.017880  0.960742  0.010980  0.010397
 0.974930  0.005830  0.008162  0.011078
 0.011272  0.832475  0.114858  0.041395
 0.024876  0.934020  0.028569  0.012535
 0.008260  0.009134  0.009523  0.973083
 0.006608  0.010592  0.969002  0.013798
 0.051210  0.156933  0.147313  0.644544
URL http://jaspar.genereg.net/matrix/MA1620.2

MOTIF MA0859.2
letter-probability matrix: alength= 4 w= 15 nsites= 26801 E= 0
 0.468191  0.061751  0.421216  0.048841
 0.691174  0.014072  0.294275  0.000479
 0.000235  0.000000  0.999765  0.000000
 0.000000  0.000217  0.867445  0.132338
 0.001971  0.003449  0.006306  0.988275
 0.000235  0.990605  0.002975  0.006185
 0.998081  0.000226  0.001693  0.000000
 0.956200  0.005110  0.011889  0.026802
 0.900081  0.001320  0.062754  0.035845
 0.958580  0.000416  0.041003  0.000000
 0.000075  0.000075  0.999623  0.000226
 0.000000  0.000168  0.779510  0.220322
 0.000608  0.004052  0.005167  0.990173
 0.000000  0.985549  0.005629  0.008822
 0.990578  0.000433  0.008880  0.000108
URL http://jaspar.genereg.net/matrix/MA0859.2

MOTIF MA1724.2
letter-probability matrix: alength= 4 w= 9 nsites= 8550 E= 0
 0.021871  0.919181  0.027135  0.031813
 0.127836  0.749123  0.028304  0.094737
 0.040234  0.124678  0.017076  0.818012
 0.843860  0.007485  0.140936  0.007719
 0.020936  0.011930  0.960819  0.006316
 0.044211  0.874152  0.041988  0.039649
 0.945614  0.013684  0.015439  0.025263
 0.905263  0.030175  0.039649  0.024912
 0.064561  0.796608  0.064561  0.074269
URL http://jaspar.genereg.net/matrix/MA1724.2

MOTIF MA0629.2
letter-probability matrix: alength= 4 w= 9 nsites= 100 E= 0
 0.130000  0.560000  0.060000  0.250000
 0.030000  0.010000  0.950000  0.010000
 0.090000  0.760000  0.150000  0.000000
 0.009901  0.000000  0.009901  0.980198
 0.040000  0.000000  0.940000  0.020000
 0.009901  0.009901  0.000000  0.980198
 0.565657  0.000000  0.000000  0.434343
 0.780000  0.040000  0.030000  0.150000
 0.525253  0.101010  0.010101  0.363636
URL http://jaspar.genereg.net/matrix/MA0629.2

MOTIF MA0002.3
letter-probability matrix: alength= 4 w= 9 nsites= 2000 E= 0
 0.061500  0.536000  0.074500  0.328000
 0.028500  0.000000  0.003500  0.968000
 0.000000  0.037500  0.936000  0.026500
 0.043500  0.063500  0.035000  0.858000
 0.000000  0.000000  0.993500  0.006500
 0.008500  0.021000  0.924000  0.046500
 0.005000  0.200000  0.125500  0.669500
 0.065500  0.231500  0.040500  0.662500
 0.250000  0.079000  0.144500  0.526500
URL http://jaspar.genereg.net/matrix/MA0002.3

MOTIF MA0720.2
letter-probability matrix: alength= 4 w= 6 nsites= 19386 E= 0
 0.050500  0.465645  0.011761  0.472093
 0.909086  0.031305  0.021303  0.038306
 0.988043  0.007500  0.000163  0.004294
 0.001592  0.000659  0.000000  0.997750
 0.029568  0.026992  0.043089  0.900352
 0.941771  0.009998  0.001865  0.046366
URL http://jaspar.genereg.net/matrix/MA0720.2

MOTIF MA0631.2
letter-probability matrix: alength= 4 w= 11 nsites= 100 E= 0
 0.720000  0.080000  0.080000  0.120000
 0.230000  0.050000  0.170000  0.550000
 0.474747  0.101010  0.323232  0.101010
 0.070000  0.070000  0.820000  0.040000
 0.019802  0.019802  0.891089  0.069307
 0.160000  0.010000  0.830000  0.000000
 0.000000  0.000000  0.040404  0.959596
 0.970000  0.000000  0.030000  0.000000
 0.000000  0.000000  0.000000  1.000000
 0.010101  0.979798  0.000000  0.010101
 0.920000  0.030000  0.030000  0.020000
URL http://jaspar.genereg.net/matrix/MA0631.2

MOTIF MA2001.2
letter-probability matrix: alength= 4 w= 7 nsites= 4291 E= 0
 0.946866  0.023072  0.013284  0.016779
 0.925192  0.026101  0.014449  0.034258
 0.048707  0.817059  0.026800  0.107434
 0.111862  0.781170  0.026567  0.080401
 0.047075  0.062456  0.048940  0.841529
 0.028898  0.034025  0.910277  0.026800
 0.961081  0.014449  0.012118  0.012351
URL http://jaspar.genereg.net/matrix/MA2001.2

MOTIF MA1153.2
letter-probability matrix: alength= 4 w= 7 nsites= 1000 E= 0
 0.088000  0.250000  0.081000  0.581000
 0.000000  0.000000  1.000000  0.000000
 0.000000  0.000000  0.000000  1.000000
 0.000000  1.000000  0.000000  0.000000
 0.000000  0.000000  0.000000  1.000000
 0.596000  0.000000  0.404000  0.000000
 0.000000  0.000000  1.000000  0.000000
URL http://jaspar.genereg.net/matrix/MA1153.2

MOTIF MA0869.3
letter-probability matrix: alength= 4 w= 8 nsites= 10248 E= 0
 0.098946  0.074551  0.786788  0.039715
 0.772053  0.074746  0.126659  0.026542
 0.961749  0.009758  0.020589  0.007904
 0.011612  0.924180  0.048888  0.015320
 0.977752  0.010539  0.004781  0.006928
 0.944184  0.025761  0.024200  0.005855
 0.905152  0.005952  0.022736  0.066159
 0.049375  0.014442  0.925644  0.010539
URL http://jaspar.genereg.net/matrix/MA0869.3

MOTIF MA0078.3
letter-probability matrix: alength= 4 w= 10 nsites= 12287 E= 0
 0.637747  0.077887  0.153740  0.130626
 0.221372  0.072027  0.540246  0.166355
 0.708717  0.090421  0.127045  0.073818
 0.961830  0.010092  0.013266  0.014812
 0.022056  0.914869  0.039880  0.023195
 0.968992  0.011394  0.008546  0.011069
 0.946854  0.020998  0.022870  0.009278
 0.081794  0.011231  0.015382  0.891593
 0.107756  0.020428  0.833483  0.038333
 0.099617  0.082363  0.747213  0.070807
URL http://jaspar.genereg.net/matrix/MA0078.3

MOTIF MA0514.3
letter-probability matrix: alength= 4 w= 7 nsites= 11978 E= 0
 0.981883  0.004341  0.006345  0.007430
 0.012523  0.928786  0.014861  0.043830
 0.942060  0.026048  0.007764  0.024128
 0.970362  0.011939  0.011939  0.005761
 0.047838  0.012523  0.008683  0.930957
 0.134997  0.011104  0.838287  0.015612
 0.146853  0.132075  0.639840  0.081232
URL http://jaspar.genereg.net/matrix/MA0514.3

MOTIF MA0087.3
letter-probability matrix: alength= 4 w= 8 nsites= 124 E= 0
 0.838710  0.032258  0.096774  0.032258
 0.983871  0.000000  0.008065  0.008065
 0.000000  0.967742  0.016129  0.016129
 0.967742  0.016129  0.016129  0.000000
 0.919355  0.040323  0.032258  0.008065
 0.048387  0.024194  0.008065  0.919355
 0.161290  0.000000  0.814516  0.024194
 0.104839  0.112903  0.725806  0.056452
URL http://jaspar.genereg.net/matrix/MA0087.3

MOTIF MA0080.7
letter-probability matrix: alength= 4 w= 13 nsites= 105198 E= 0
 0.632436  0.065239  0.216801  0.085524
 0.782144  0.054735  0.100895  0.062226
 0.774359  0.022149  0.097150  0.106342
 0.082093  0.115981  0.760338  0.041588
 0.855073  0.024658  0.091599  0.028670
 0.038755  0.005228  0.944505  0.011512
 0.019278  0.007899  0.963735  0.009088
 0.969714  0.010409  0.010105  0.009772
 0.946111  0.009107  0.017320  0.027462
 0.072397  0.067178  0.847355  0.013071
 0.161572  0.035324  0.048746  0.754358
 0.094793  0.057748  0.792648  0.054811
 0.220479  0.110050  0.548195  0.121276
URL http://jaspar.genereg.net/matrix/MA0080.7

MOTIF MA1623.2
letter-probability matrix: alength= 4 w= 10 nsites= 3959 E= 0
 0.244759  0.077292  0.577671  0.100278
 0.897701  0.019197  0.042435  0.040667
 0.943673  0.018944  0.017934  0.019449
 0.944178  0.018186  0.021975  0.015661
 0.072240  0.734276  0.132357  0.061127
 0.794645  0.038141  0.018692  0.148522
 0.038394  0.011367  0.936348  0.013892
 0.934579  0.012377  0.041172  0.011872
 0.946451  0.011367  0.024754  0.017429
 0.887598  0.037131  0.039656  0.035615
URL http://jaspar.genereg.net/matrix/MA1623.2

MOTIF MA0518.2
letter-probability matrix: alength= 4 w= 10 nsites= 2873 E= 0
 0.004177  0.000696  0.000000  0.995127
 0.009050  0.000000  0.184128  0.806822
 0.219979  0.775844  0.004177  0.000000
 0.106857  0.518970  0.025061  0.349112
 0.504699  0.009746  0.425687  0.059868
 0.255134  0.000000  0.742778  0.002088
 0.015663  0.000000  0.984337  0.000000
 1.000000  0.000000  0.000000  0.000000
 1.000000  0.000000  0.000000  0.000000
 0.547511  0.097111  0.289941  0.065437
URL http://jaspar.genereg.net/matrix/MA0518.2

MOTIF MA1624.2
letter-probability matrix: alength= 4 w= 9 nsites= 4514 E= 0
 0.069561  0.082410  0.045857  0.802171
 0.033451  0.019716  0.031901  0.914931
 0.014621  0.970536  0.005760  0.009083
 0.015729  0.896323  0.006203  0.081746
 0.706912  0.130261  0.030350  0.132477
 0.742357  0.017723  0.217102  0.022818
 0.004209  0.004874  0.983828  0.007089
 0.960789  0.009083  0.010855  0.019273
 0.946832  0.014621  0.022375  0.016172
URL http://jaspar.genereg.net/matrix/MA1624.2

MOTIF MA0519.2
letter-probability matrix: alength= 4 w= 9 nsites= 16507 E= 0
 0.000000  0.000000  0.000000  1.000000
 0.000000  0.096929  0.000000  0.903071
 0.000000  0.989944  0.000000  0.010056
 0.015933  0.775126  0.000000  0.208942
 0.426728  0.371782  0.000000  0.201490
 0.699279  0.000000  0.250803  0.049918
 0.000000  0.000000  1.000000  0.000000
 0.901920  0.005634  0.000000  0.092446
 0.901799  0.000000  0.098201  0.000000
URL http://jaspar.genereg.net/matrix/MA0519.2

MOTIF MA1625.2
letter-probability matrix: alength= 4 w= 9 nsites= 2760 E= 0
 0.018478  0.019565  0.018478  0.943478
 0.033333  0.012319  0.012319  0.942029
 0.011594  0.965942  0.008333  0.014130
 0.026812  0.788406  0.015580  0.169203
 0.167391  0.632609  0.046014  0.153986
 0.896377  0.021739  0.054348  0.027536
 0.003623  0.005797  0.984420  0.006159
 0.925362  0.012681  0.031159  0.030797
 0.965217  0.009058  0.018116  0.007609
URL http://jaspar.genereg.net/matrix/MA1625.2

MOTIF MA0520.2
letter-probability matrix: alength= 4 w= 10 nsites= 1852 E= 0
 0.000000  0.000000  0.000000  1.000000
 0.007019  0.000000  0.000000  0.992981
 0.065875  0.907127  0.000000  0.026998
 0.037797  0.650108  0.000000  0.312095
 0.358531  0.011339  0.118251  0.511879
 0.177106  0.288337  0.484881  0.049676
 0.622570  0.001620  0.224622  0.151188
 0.014039  0.000000  0.969762  0.016199
 1.000000  0.000000  0.000000  0.000000
 0.998380  0.000000  0.001620  0.000000
URL http://jaspar.genereg.net/matrix/MA0520.2

MOTIF MA1567.3
letter-probability matrix: alength= 4 w= 9 nsites= 9652 E= 0
 0.514712  0.066618  0.263262  0.155408
 0.078533  0.019271  0.864795  0.037402
 0.010671  0.035951  0.946022  0.007356
 0.016370  0.023726  0.015748  0.944157
 0.004041  0.012329  0.973166  0.010464
 0.073560  0.023726  0.070037  0.832677
 0.018960  0.080294  0.853398  0.047348
 0.938976  0.017095  0.034397  0.009532
 0.817344  0.050974  0.093038  0.038645
URL http://jaspar.genereg.net/matrix/MA1567.3

MOTIF MA0521.3
letter-probability matrix: alength= 4 w= 6 nsites= 73995 E= 0
 0.004960  0.982147  0.005460  0.007433
 0.976863  0.009987  0.008541  0.004608
 0.011298  0.024515  0.943037  0.021150
 0.021150  0.943037  0.024515  0.011298
 0.004608  0.008541  0.009974  0.976877
 0.007419  0.005433  0.982093  0.005054
URL http://jaspar.genereg.net/matrix/MA0521.3

MOTIF MA0832.2
letter-probability matrix: alength= 4 w= 10 nsites= 198 E= 0
 0.863636  0.005051  0.116162  0.015152
 0.944751  0.055249  0.000000  0.000000
 0.000000  1.000000  0.000000  0.000000
 0.994186  0.005814  0.000000  0.000000
 0.000000  0.000000  0.988439  0.011561
 0.000000  0.988439  0.005780  0.005780
 0.000000  0.000000  0.000000  1.000000
 0.000000  0.000000  1.000000  0.000000
 0.000000  0.020513  0.102564  0.876923
 0.025126  0.115578  0.000000  0.859296
URL http://jaspar.genereg.net/matrix/MA0832.2

MOTIF MA0633.3
letter-probability matrix: alength= 4 w= 6 nsites= 49629 E= 0
 0.000302  0.996857  0.001632  0.001209
 0.985613  0.006952  0.007435  0.000000
 0.000181  0.000322  0.999073  0.000423
 0.000423  0.999073  0.000322  0.000181
 0.000000  0.007435  0.006891  0.985674
 0.001209  0.001632  0.996857  0.000302
URL http://jaspar.genereg.net/matrix/MA0633.3

MOTIF MA0693.4
letter-probability matrix: alength= 4 w= 7 nsites= 38542 E= 0
 0.164885  0.121374  0.657958  0.055783
 0.932697  0.016709  0.029500  0.021094
 0.020886  0.015541  0.934772  0.028800
 0.025375  0.013492  0.040346  0.920788
 0.043719  0.016994  0.014893  0.924394
 0.041565  0.894531  0.010534  0.053370
 0.941959  0.017150  0.021431  0.019459
URL http://jaspar.genereg.net/matrix/MA0693.4

MOTIF MA1627.2
letter-probability matrix: alength= 4 w= 10 nsites= 4691 E= 0
 0.178853  0.628437  0.086122  0.106587
 0.010232  0.969090  0.012364  0.008314
 0.025581  0.014709  0.068003  0.891708
 0.004477  0.981027  0.008953  0.005543
 0.008527  0.928160  0.015988  0.047325
 0.009166  0.906417  0.025581  0.058836
 0.181198  0.775101  0.021531  0.022170
 0.006608  0.974845  0.009806  0.008740
 0.702196  0.011298  0.211042  0.075464
 0.033682  0.799190  0.092944  0.074185
URL http://jaspar.genereg.net/matrix/MA1627.2

MOTIF MA0095.4
letter-probability matrix: alength= 4 w= 8 nsites= 43348 E= 0
 0.072045  0.764095  0.084987  0.078873
 0.958037  0.021362  0.006621  0.013980
 0.915060  0.033381  0.030451  0.021108
 0.709814  0.058503  0.199732  0.031951
 0.957507  0.017210  0.016425  0.008859
 0.015895  0.005560  0.016333  0.962213
 0.012942  0.003806  0.974970  0.008282
 0.036841  0.022400  0.913814  0.026945
URL http://jaspar.genereg.net/matrix/MA0095.4

MOTIF MA2002.2
letter-probability matrix: alength= 4 w= 7 nsites= 84 E= 0
 0.142857  0.059524  0.178571  0.619048
 0.023810  0.976190  0.000000  0.000000
 0.928571  0.035714  0.000000  0.035714
 0.000000  0.023810  0.964286  0.011905
 0.000000  0.000000  0.976190  0.023810
 0.023810  0.964286  0.011905  0.000000
 0.857143  0.011905  0.119048  0.011905
URL http://jaspar.genereg.net/matrix/MA2002.2

MOTIF MA0146.3
letter-probability matrix: alength= 4 w= 10 nsites= 479 E= 0
 0.150313  0.102296  0.620042  0.127349
 0.020790  0.617464  0.299376  0.062370
 0.012474  0.750520  0.004158  0.232848
 0.062370  0.257796  0.380457  0.299376
 0.397089  0.318087  0.253638  0.031185
 0.016632  0.004158  0.977131  0.002079
 0.000000  0.006237  0.991684  0.002079
 0.000000  1.000000  0.000000  0.000000
 0.000000  0.997921  0.000000  0.002079
 0.000000  0.002079  0.000000  0.997921
URL http://jaspar.genereg.net/matrix/MA0146.3

MOTIF MA1628.2
letter-probability matrix: alength= 4 w= 7 nsites= 9892 E= 0
 0.002932  0.969875  0.010716  0.016478
 0.933886  0.038819  0.026890  0.000404
 0.009705  0.019713  0.963101  0.007481
 0.007582  0.939446  0.009705  0.043267
 0.904772  0.031440  0.063385  0.000404
 0.001112  0.051759  0.938031  0.009098
 0.004650  0.009199  0.973615  0.012535
URL http://jaspar.genereg.net/matrix/MA1628.2

MOTIF MA1629.2
letter-probability matrix: alength= 4 w= 9 nsites= 11919 E= 0
 0.097408  0.833375  0.049081  0.020136
 0.577901  0.148083  0.069553  0.204463
 0.011326  0.962832  0.015773  0.010068
 0.929105  0.032805  0.015605  0.022485
 0.011746  0.019129  0.963504  0.005621
 0.006712  0.945717  0.022569  0.025002
 0.891434  0.009900  0.061666  0.037000
 0.016109  0.011159  0.938334  0.034399
 0.008054  0.017116  0.961910  0.012921
URL http://jaspar.genereg.net/matrix/MA1629.2

MOTIF MA0697.3
letter-probability matrix: alength= 4 w= 7 nsites= 26174 E= 0
 0.013181  0.956484  0.017575  0.012761
 0.914916  0.033316  0.028998  0.022771
 0.012646  0.025598  0.951593  0.010163
 0.013525  0.927332  0.028884  0.030259
 0.877971  0.021701  0.067548  0.032781
 0.015015  0.019103  0.928937  0.036945
 0.013257  0.036487  0.929930  0.020326
URL http://jaspar.genereg.net/matrix/MA0697.3

